PLAY #,ODK,DN,DIST,YDLN,PLAYTYPE,GNLS,RESULT
1,K,No Info,No Info,-35,KO,No Info,Need to make things methods
2,O,No Info,No Info,No info,---,---,---
3,O,1,10,-34,Run,2,Rush
4,O,2,8,-36,No Info,-2,Sack
5,O,3,10,-34,Pass,0,Incomplete
6,K,4,10,-34,PUNT,No Info,Downed
7,K,No Info,No Info,No info,No Info,No Info,No Info
8,D,No Info,No Info,No info,---,---,---
9,D,1,10,-20,No Info,No Info,No Info
10,D,1,10,-20,Run,3,Rush
11,D,2,7,-23,Run,3,Rush
12,D,3,4,-26,Pass,0,Incomplete
13,K,4,4,-26,PUNT,No Info,Fair Catch
14,K,No Info,No Info,No info,No Info,No Info,No Info
15,O,No Info,No Info,No info,---,---,---
16,O,1,10,-39,No Info,No Info,No Info
17,O,1,10,-39,Run,1,Rush
18,O,2,9,-40,Pass,0,Incomplete
19,O,3,9,-40,Run,4,Rush
20,K,4,5,-44,PUNT,No Info,Downed
21,K,No Info,No Info,No info,No Info,No Info,No Info
22,D,No Info,No Info,No info,---,---,---
23,D,1,10,-33,No Info,No Info,No Info
24,D,1,10,-33,Run,14,Rush
25,D,1,10,-47,Pass,28,Complete
26,D,1,10,25,Run,2,Rush
27,D,2,8,23,Pass,0,Incomplete
28,D,3,8,23,Pass,12,Complete
29,D,1,10,11,Run,5,Rush
30,D,2,5,06,Run,6,"Rush, TD"
31,K,1,03,03,Extra Pt.,No Info,Good
32,K,1,35,FUCK,KO,No Info,Return
33,K,No Info,No Info,No info,No Info,No Info,No Info
34,O,No Info,No Info,No info,---,---,---
35,O,1,10,-27,No Info,No Info,No Info
36,O,1,10,-27,Run,0,Rush
37,O,2,10,-27,Pass,0,Incomplete
38,O,3,10,-27,Pass,No Info,Return
39,O,No Info,No Info,No info,No Info,No Info,No Info
40,D,No Info,No Info,No info,---,---,---
41,D,1,10,33,No Info,No Info,No Info
42,D,1,10,33,Pass,0,Incomplete
43,D,2,10,33,Run,-1,Rush
44,D,3,11,34,Run,10,Rush
45,D,4,1,24,Run,0,Rush
46,D,No Info,No Info,No info,No Info,No Info,No Info
47,O,No Info,No Info,No info,---,---,---
48,O,1,10,-24,No Info,No Info,No Info
49,O,1,10,-24,Run,15,Rush
50,O,1,10,-39,Run,4,Rush
51,O,2,6,-43,Run,2,Rush
52,O,3,4,-45,Run,-5,Fumble
53,O,4,9,-40,Run,12,Fumble
54,O,No Info,No Info,No info,No Info,No Info,No Info
55,D,No Info,No Info,No info,---,---,---
56,D,1,03,03,No Info,No Info,No Info
57,D,1,03,03,Run,1,Rush
58,D,2,02,02,Run,2,"Rush, TD"
59,K,1,03,03,Extra Pt.,No Info,No Info
60,K,1,35,FUCK,KO,No Info,Return
61,K,No Info,No Info,No info,No Info,No Info,No Info
62,O,No Info,No Info,No info,---,---,---
63,O,1,10,-31,No Info,No Info,No Info
64,O,1,10,-31,Pass,3,Complete
65,O,2,7,-34,Run,-2,Rush
66,O,3,9,-32,No Info,No Info,Penalty
67,O,3,14,-27,Run,3,Rush
68,O,4,11,-30,No Info,No Info,Timeout
69,K,4,11,-30,PUNT,No Info,Return
70,K,No Info,No Info,No info,No Info,No Info,No Info
71,D,No Info,No Info,No info,---,---,---
72,D,No Info,No Info,No info,---,---,---
73,D,1,10,-42,No Info,No Info,No Info
74,D,1,10,-42,Run,5,Rush
75,D,2,5,-47,Run,2,Rush
76,D,3,3,-49,Run,2,Rush
77,D,4,1,49,Run,2,Rush
78,D,1,10,47,Run,3,Rush
79,D,2,7,44,Pass,0,Incomplete
80,D,3,7,44,Pass,11,Complete
81,D,1,10,33,Run,8,Rush
82,D,2,2,25,No Info,No Info,Penalty
83,D,2,7,30,Run,30,"Rush, TD"
84,K,1,03,03,Extra Pt.,No Info,Good
85,K,1,35,FUCK,KO,No Info,Penalty
86,K,No Info,No Info,No info,No Info,No Info,No Info
87,O,No Info,No Info,No info,---,---,---
88,O,1,10,-35,No Info,No Info,No Info
89,O,1,10,-35,Run,2,Rush
90,O,2,8,-37,Run,0,Rush
91,O,3,8,-37,Pass,17,Complete
92,O,1,10,46,No Info,No Info,Penalty
93,O,1,15,-49,Run,5,Rush
94,O,1,22,-42,Pass,14,Complete
95,O,2,8,44,Run,4,Rush
96,O,3,4,40,Run,-1,Rush
97,O,4,5,41,No Info,No Info,Penalty
98,K,4,10,46,PUNT,No Info,Touchback
99,K,No Info,No Info,No info,No Info,No Info,No Info
100,D,No Info,No Info,No info,---,---,---
101,D,1,10,-25,No Info,No Info,No Info
102,D,1,10,-25,No Info,No Info,No Info
103,D,1,10,-20,Run,5,Rush
104,D,2,5,-25,Run,2,Rush
105,D,3,3,-27,Run,2,Rush
106,K,4,1,-29,PUNT,No Info,Downed
107,K,No Info,No Info,No info,No Info,No Info,No Info
108,O,No Info,No Info,No info,---,---,---
109,O,1,10,-27,No Info,No Info,No Info
110,O,1,10,-27,Run,10,Rush
111,O,1,10,-37,Pass,0,Incomplete
112,O,2,10,-37,Run,4,Rush
113,O,3,6,-41,Pass,0,Incomplete
114,K,4,6,-41,PUNT,No Info,Return
115,K,No Info,No Info,No info,No Info,No Info,No Info
116,D,No Info,No Info,No info,---,---,---
117,D,1,10,-34,No Info,No Info,No Info
118,D,1,10,-34,Run,7,Rush
119,D,2,3,-41,Run,-2,Rush
120,D,3,5,-39,No Info,No Info,Timeout
121,D,3,5,-39,Pass,0,Incomplete
122,K,4,5,-39,PUNT,No Info,Fair Catch
123,K,No Info,No Info,No info,No Info,No Info,No Info
124,O,No Info,No Info,No info,---,---,---
125,O,1,10,-31,No Info,No Info,No Info
126,O,1,10,-31,Pass,No Info,Return
127,O,No Info,No Info,No info,No Info,No Info,No Info
128,D,No Info,No Info,No info,---,---,---
129,D,1,10,49,No Info,No Info,No Info
130,D,1,10,49,Run,9,Rush
131,D,1,20,-41,Run,3,Rush
132,D,2,17,-44,No Info,No Info,No Info
133,D,No Info,No Info,No info,No Info,No Info,No Info
134,D,No Info,No Info,No info,---,---,---
135,D,No Info,No Info,No info,---,---,---
136,K,No Info,No Info,-35,KO,No Info,Need to make things methods
137,D,No Info,No Info,No info,---,---,---
138,D,1,10,-40,No Info,No Info,No Info
139,D,1,10,-40,Run,26,Fumble
140,D,1,10,34,Run,4,Rush
141,D,2,6,30,Pass,12,Complete
142,D,1,10,18,Run,15,Rush
143,D,1,03,03,Run,3,"Rush, TD"
144,K,1,03,03,Extra Pt.,No Info,Good
145,K,1,35,FUCK,KO,No Info,Return
146,K,No Info,No Info,No info,No Info,No Info,No Info
147,O,No Info,No Info,No info,---,---,---
148,O,1,10,-30,No Info,No Info,No Info
149,O,1,10,-30,Run,3,Rush
150,O,2,7,-33,Run,-2,Fumble
151,O,3,9,-31,No Info,-6,Sack
152,K,4,15,-25,PUNT,No Info,Return
153,K,No Info,No Info,No info,No Info,No Info,No Info
154,D,No Info,No Info,No info,---,---,---
155,D,1,10,-32,No Info,No Info,No Info
156,D,1,10,-32,Run,5,Rush
157,D,2,5,-37,No Info,-3,Sack
158,D,3,8,-34,Pass,37,Complete
159,D,1,10,29,Run,2,Rush
160,D,2,8,27,Run,0,Rush
161,D,3,8,27,Run,2,Rush
162,D,4,6,25,No Info,-6,Sack
163,D,No Info,No Info,No info,No Info,No Info,No Info
164,O,No Info,No Info,No info,---,---,---
165,O,1,10,-31,No Info,No Info,No Info
166,O,1,10,-31,Run,-1,Rush
167,O,2,11,-30,Run,2,Rush
168,O,3,9,-32,Pass,0,Incomplete
169,K,4,9,-32,PUNT,No Info,Return
170,K,No Info,No Info,No info,No Info,No Info,No Info
171,D,No Info,No Info,No info,---,---,---
172,D,1,10,-38,No Info,No Info,No Info
173,D,1,10,-38,Run,10,Rush
174,D,1,10,-48,Run,0,Rush
175,D,2,10,-48,Run,1,Rush
176,D,3,9,-49,Run,7,Rush
177,D,4,2,44,Run,2,Rush
178,D,1,10,42,Pass,0,Incomplete
179,D,2,10,42,Run,3,Rush
180,D,No Info,No Info,No info,---,---,---
181,D,3,7,39,No Info,No Info,No Info
182,D,3,7,39,Pass,32,Complete
183,D,1,07,07,Pass,0,Incomplete
184,D,2,07,07,Pass,7,"Complete, TD"
185,D,1,03,03,2 Pt.,No Info,Good
186,K,1,35,-35,KO,No Info,Return
187,K,No Info,No Info,No info,No Info,No Info,No Info
188,O,No Info,No Info,No info,---,---,---
189,O,1,10,-36,No Info,No Info,No Info
190,O,1,10,-36,Pass,0,Complete
191,O,2,10,-36,Pass,4,Complete
192,O,3,6,-40,Pass,12,Complete
193,O,1,10,48,Run,3,Rush
194,O,2,7,45,No Info,-1,Sack
195,O,3,8,46,Pass,12,Complete
196,O,1,10,34,Run,-1,Rush
197,O,2,11,35,Pass,9,Complete
198,O,3,2,26,Run,No Info,Rush
199,O,4,12,36,Pass,No Info,Return
200,O,No Info,No Info,No info,No Info,No Info,No Info
201,D,No Info,No Info,No info,---,---,---
202,D,1,10,45,No Info,No Info,No Info
203,D,1,10,45,Run,12,Rush
204,D,1,10,33,Run,2,Rush
205,D,2,8,31,Pass,8,Complete
206,D,1,10,23,Run,3,Rush
207,D,2,7,20,No Info,No Info,Penalty
208,D,1,10,10,Run,0,Rush
209,D,2,10,10,Pass,0,Incomplete
210,D,3,10,10,Pass,0,Incomplete
211,K,4,10,10,FG,No Info,No Info
212,K,No Info,No Info,No info,No Info,No Info,No Info
213,O,No Info,No Info,No info,---,---,---
214,O,1,10,-20,No Info,No Info,No Info
215,O,1,10,-20,Run,-2,Rush
216,O,2,12,-18,Pass,0,Incomplete
217,O,3,12,-18,Pass,11,Complete
218,K,4,1,-29,PUNT,No Info,Downed
219,K,No Info,No Info,No info,No Info,No Info,No Info
220,D,No Info,No Info,No info,---,---,---
221,D,1,10,-19,No Info,No Info,No Info
222,D,1,10,-19,Run,21,Rush
223,D,1,10,-40,Run,3,Rush
224,D,2,7,-43,Run,5,Rush
225,D,3,2,-48,Run,1,Rush
226,D,4,1,-49,Run,11,Rush
227,D,1,10,40,Run,-1,Rush
228,D,2,11,41,No Info,No Info,No Info
229,D,No Info,No Info,No info,No Info,No Info,No Info
