PLAY #,ODK,DN,DIST,YDLN,PLAYTYPE,GNLS,RESULT
1,K,No Info,No Info,-35,KO,No Info,Need to make things methods
2,O,No Info,No Info,No info,---,---,---
3,O,1,10,42,Run,2,Rush
4,O,2,8,44,Run,9,Rush
5,O,1,10,47,Pass,6,Complete
6,O,2,4,41,Run,4,Rush
7,O,1,10,37,Pass,0,Incomplete
8,O,2,10,37,Run,6,Rush
9,O,3,4,31,No Info,No Info,No Info
10,O,3,4,31,Run,4,Rush
11,O,1,10,27,Run,2,Rush
12,O,2,8,25,Run,3,Rush
13,O,3,5,22,No Info,No Info,Timeout
14,O,3,5,22,Run,-4,Rush
15,O,4,9,26,Run,16,Rush
16,O,1,10,10,Run,1,Rush
17,O,2,09,09,Run,7,Rush
18,O,3,02,02,Run,2,"Rush, TD"
19,K,1,03,03,Extra Pt.,No Info,Good
20,K,1,35,HELP,KO,No Info,Return
21,K,No Info,No Info,No info,No Info,No Info,No Info
22,O,No Info,No Info,No info,---,---,---
23,O,1,10,32,No Info,No Info,No Info
24,O,1,10,32,Pass,0,Incomplete
25,O,2,10,32,Run,1,Rush
26,O,3,9,33,Pass,0,Incomplete
27,O,4,9,33,Pass,No Info,Penalty
28,O,1,10,44,Pass,0,Incomplete
29,O,2,10,44,Pass,6,Complete
30,O,3,4,50,Pass,6,Complete
31,O,1,10,44,No Info,No Info,Timeout
32,O,1,10,44,Run,4,Rush
33,O,2,6,40,Pass,0,Incomplete
34,O,3,6,40,Pass,0,Incomplete
35,K,4,6,40,PUNT,No Info,Touchback
36,K,No Info,No Info,No info,No Info,No Info,No Info
37,O,No Info,No Info,No info,---,---,---
38,O,1,10,20,No Info,No Info,No Info
39,O,1,10,20,Run,3,Rush
40,O,2,7,23,Run,1,Rush
41,O,3,6,24,Pass,8,Complete
42,O,1,10,32,Run,9,Rush
43,O,2,1,41,Pass,20,"Complete, Fumble"
44,O,No Info,No Info,No info,No Info,No Info,No Info
45,O,No Info,No Info,No info,---,---,---
46,O,1,10,40,No Info,No Info,No Info
47,O,1,10,40,Run,-1,Rush
48,O,2,11,39,Pass,14,Complete
49,O,No Info,No Info,No info,---,---,---
50,O,1,10,47,No Info,No Info,No Info
51,O,1,10,47,Pass,0,Incomplete
52,O,2,10,47,Run,25,Rush
53,O,2,17,40,Pass,9,Complete
54,O,3,8,31,Pass,0,Incomplete
55,O,4,8,31,Run,11,Rush
56,O,1,10,20,Pass,20,"Complete, TD"
57,K,1,03,03,Extra Pt.,No Info,Good
58,K,1,35,HELP,KO,No Info,Return
59,K,No Info,No Info,No info,No Info,No Info,No Info
60,O,No Info,No Info,No info,---,---,---
61,O,1,10,31,No Info,No Info,No Info
62,O,1,10,31,Run,1,Rush
63,O,2,9,32,No Info,No Info,Penalty
64,O,2,25,16,Run,9,Rush
65,O,2,35,06,Run,0,Rush
66,O,3,35,06,Run,14,Rush
67,K,4,21,20,PUNT,No Info,Downed
68,K,No Info,No Info,No info,No Info,No Info,No Info
69,O,No Info,No Info,No info,---,---,---
70,O,1,10,33,No Info,No Info,No Info
71,O,1,10,33,Pass,33,"Complete, TD"
72,K,1,03,03,Extra Pt.,No Info,Block
73,K,1,35,HELP,KO,No Info,Return
74,K,No Info,No Info,No info,No Info,No Info,No Info
75,O,No Info,No Info,No info,---,---,---
76,O,1,10,28,No Info,No Info,No Info
77,O,1,10,28,Run,2,Rush
78,O,2,8,30,Pass,21,Complete
79,O,1,10,49,Pass,16,Complete
80,O,1,10,33,Run,-3,Rush
81,O,2,13,36,Pass,0,Incomplete
82,O,3,13,36,No Info,-5,Sack
83,K,4,18,41,PUNT,No Info,Touchback
84,K,No Info,No Info,No info,No Info,No Info,No Info
85,O,No Info,No Info,No info,---,---,---
86,O,1,10,20,No Info,No Info,No Info
87,O,1,10,20,Run,0,Rush
88,O,2,10,20,Run,-2,Rush
89,O,3,12,18,Run,8,Rush
90,K,4,4,26,PUNT,No Info,Fair Catch
91,K,No Info,No Info,No info,No Info,No Info,No Info
92,O,No Info,No Info,No info,---,---,---
93,O,1,10,44,No Info,No Info,No Info
94,O,1,10,44,Pass,0,Incomplete
95,O,2,10,44,Pass,7,Complete
96,O,3,3,49,Run,5,Rush
97,O,1,10,44,Run,7,Rush
98,O,2,3,37,Run,1,Rush
99,O,3,2,36,No Info,No Info,Penalty
100,O,3,2,36,Pass,4,Complete
101,O,1,10,32,Run,3,Rush
102,O,2,7,29,Run,12,Rush
103,O,1,10,17,Pass,No Info,Return
104,O,No Info,No Info,No info,No Info,No Info,No Info
105,O,No Info,No Info,No info,---,---,---
106,O,1,10,20,No Info,No Info,No Info
107,O,1,10,20,Run,-5,Rush
108,O,2,15,15,Run,0,Rush
109,O,3,15,15,No Info,No Info,No Info
110,O,No Info,No Info,No info,No Info,No Info,No Info
111,O,No Info,No Info,No info,---,---,---
112,O,No Info,No Info,No info,---,---,---
113,K,No Info,No Info,-35,KO,No Info,Need to make things methods
114,O,No Info,No Info,No info,---,---,---
115,O,1,10,34,No Info,No Info,No Info
116,O,1,10,33,Pass,13,Complete
117,O,1,10,46,Run,1,Rush
118,O,2,9,47,Run,4,Rush
119,O,3,5,49,Pass,21,Complete
120,O,1,10,28,Run,3,Rush
121,O,2,7,25,Pass,17,Complete
122,O,1,08,08,Pass,0,Incomplete
123,O,2,08,08,Run,3,Rush
124,O,3,05,05,Pass,4,Complete
125,O,4,01,01,Pass,0,Incomplete
126,O,No Info,No Info,No info,No Info,No Info,No Info
127,O,No Info,No Info,No info,---,---,---
128,O,1,10,01,No Info,No Info,No Info
129,O,1,10,01,Run,4,Rush
130,O,2,6,05,Run,6,Rush
131,O,1,10,11,Run,5,Rush
132,O,2,5,16,Pass,0,Incomplete
133,O,3,5,16,No Info,-5,Sack
134,K,4,10,11,PUNT,No Info,Fair Catch
135,K,No Info,No Info,No info,No Info,No Info,No Info
136,O,No Info,No Info,No info,---,---,---
137,O,1,10,43,No Info,No Info,No Info
138,O,1,10,43,Run,1,Rush
139,O,2,9,42,Pass,1,Complete
140,O,3,8,41,Pass,0,Incomplete
141,K,4,8,41,PUNT,No Info,No Info
142,K,No Info,No Info,No info,No Info,No Info,No Info
143,O,No Info,No Info,No info,---,---,---
144,O,1,10,02,No Info,No Info,No Info
145,O,1,10,02,Run,7,Rush
146,O,2,3,09,Run,0,Rush
147,O,3,3,09,Run,8,Rush
148,O,1,10,17,Pass,7,Complete
149,O,2,3,24,Pass,0,Incomplete
150,O,3,3,24,Run,1,Rush
151,K,4,2,25,PUNT,No Info,Return
152,K,No Info,No Info,No info,No Info,No Info,No Info
153,O,No Info,No Info,No info,---,---,---
154,O,1,10,46,No Info,No Info,No Info
155,O,1,10,46,Run,7,Rush
156,O,2,3,47,Run,5,Rush
157,O,1,10,42,Run,3,Rush
158,O,No Info,No Info,No info,---,---,---
159,O,2,7,39,No Info,No Info,No Info
160,O,2,7,39,Run,11,Rush
161,O,1,10,28,No Info,No Info,Penalty
162,O,1,15,33,Pass,0,Incomplete
163,O,2,15,33,Pass,4,Complete
164,O,3,11,29,No Info,-3,Sack
165,K,4,14,32,PUNT,No Info,Downed
166,K,No Info,No Info,No info,No Info,No Info,No Info
167,O,No Info,No Info,No info,---,---,---
168,O,1,10,02,No Info,No Info,No Info
169,O,1,10,02,Run,4,Rush
170,O,2,6,06,Pass,8,Complete
171,O,1,10,14,Run,13,Rush
172,O,1,10,27,Run,3,Rush
173,O,2,7,30,Pass,10,Complete
174,O,1,10,40,Run,7,Fumble
175,O,No Info,No Info,No info,No Info,No Info,No Info
176,O,No Info,No Info,No info,---,---,---
177,O,1,10,50,No Info,No Info,No Info
178,O,1,10,50,Run,1,Rush
179,O,1,20,40,Run,6,Rush
180,O,2,14,46,Pass,54,"Complete, TD"
181,O,1,03,03,2 Pt.,No Info,Good
182,K,1,35,35,KO,No Info,Return
183,K,No Info,No Info,No info,No Info,No Info,No Info
184,O,No Info,No Info,No info,---,---,---
185,O,1,10,39,No Info,No Info,No Info
186,O,1,10,39,Pass,8,Complete
187,O,2,2,47,Run,9,Rush
188,O,1,10,44,Pass,9,Complete
189,O,2,1,35,Pass,0,Incomplete
190,O,3,1,35,Run,16,Rush
191,O,1,10,19,Pass,13,Complete
192,O,1,06,06,Run,-5,Rush
193,O,2,11,11,Run,10,Rush
194,O,3,01,01,No Info,No Info,Timeout
195,O,3,01,01,Run,1,"Rush, TD"
196,K,1,03,03,Extra Pt.,No Info,Good
197,K,1,35,HELP,KO,No Info,Touchback
198,K,No Info,No Info,No info,No Info,No Info,No Info
199,O,No Info,No Info,No info,---,---,---
200,O,1,10,20,No Info,No Info,No Info
201,O,1,10,20,No Info,No Info,No Info
202,O,1,10,25,Run,1,Rush
203,O,2,9,26,Run,0,Rush
204,O,3,9,26,No Info,No Info,No Info
205,O,3,8,26,Pass,No Info,Return
206,O,No Info,No Info,No info,No Info,No Info,No Info
207,O,No Info,No Info,No info,---,---,---
208,O,1,10,35,No Info,No Info,No Info
209,O,1,10,35,Pass,0,Incomplete
210,O,2,10,35,Pass,0,Incomplete
211,O,3,10,35,Pass,0,Incomplete
212,O,4,10,35,Pass,No Info,Penalty
213,O,1,10,21,Pass,9,Complete
214,O,2,1,12,Run,4,Rush
215,O,1,08,08,Run,5,Rush
216,O,2,03,03,No Info,No Info,Timeout
217,O,2,03,03,Pass,3,"Complete, TD"
218,O,1,03,03,No Info,No Info,Penalty
219,K,1,01,01,Extra Pt.,No Info,Good
220,K,1,35,HELP,KO,No Info,Touchback
221,K,No Info,No Info,No info,No Info,No Info,No Info
222,O,No Info,No Info,No info,---,---,---
223,O,1,10,20,No Info,No Info,No Info
224,O,1,10,20,No Info,No Info,No Info
225,O,1,10,25,Run,1,Rush
226,O,2,9,26,Run,3,Rush
227,O,3,6,29,No Info,-1,Sack
228,O,4,7,28,No Info,No Info,Timeout
229,K,4,7,28,PUNT,No Info,Downed
230,K,No Info,No Info,No info,No Info,No Info,No Info
231,O,No Info,No Info,No info,---,---,---
232,O,1,10,47,No Info,No Info,No Info
233,O,1,10,47,Run,6,Rush
234,O,2,4,41,Run,15,Rush
235,O,1,10,26,Pass,0,Incomplete
236,O,2,10,26,No Info,No Info,Timeout
237,O,2,10,26,No Info,No Info,Timeout
238,K,2,10,26,FG,No Info,Good
239,K,1,35,HELP,KO,No Info,Return
240,K,No Info,No Info,No info,No Info,No Info,No Info
241,O,No Info,No Info,No info,---,---,---
242,O,1,10,25,No Info,No Info,No Info
243,O,1,10,25,No Info,No Info,No Info
244,O,No Info,No Info,No info,No Info,No Info,No Info
